	1.003800	0.066886	0.671395
	1.003100	0.066894	0.671413
	1.003000	0.066894	0.671463
	1.002900	0.066894	0.671465
	1.002300	0.066895	0.671444
	1.001600	0.066895	0.671444
	1.000900	0.066895	0.671471
	1.000100	0.066895	0.671438
	0.999500	0.066898	0.671370
	0.998600	0.066902	0.671327
	0.998000	0.066904	0.671371
	0.997200	0.066903	0.671411
	0.996100	0.066906	0.671365
	0.995200	0.066905	0.671374
	0.995300	0.066913	0.671327
	0.994400	0.066913	0.671314
	0.993500	0.066909	0.671304
	0.992800	0.066908	0.671300
	0.992100	0.066911	0.671224
	0.991400	0.066912	0.671259
	0.990700	0.066909	0.671306
	0.990000	0.066907	0.671317
	0.989200	0.066908	0.671333
	0.988500	0.066914	0.671319
	0.987400	0.066917	0.671300
	0.986700	0.066916	0.671279
	0.986200	0.066915	0.671274
	0.985600	0.066919	0.671202
	0.984700	0.066921	0.671185
	0.984300	0.066921	0.671145
	0.983400	0.066918	0.671152
	0.982400	0.066918	0.671173
	0.981800	0.066921	0.671197
	0.981200	0.066928	0.671197
	0.980200	0.066933	0.671234
	0.979500	0.066931	0.671303
	0.978900	0.066930	0.671353
	0.977900	0.066928	0.671409
	0.977200	0.066932	0.671428
	0.976600	0.066934	0.671401
	0.975600	0.066936	0.671393
	0.974600	0.066942	0.671388
	0.974900	0.066944	0.671407
	0.973100	0.066945	0.671360
	0.972600	0.066954	0.671253
	0.971800	0.066954	0.671221
	0.970900	0.066955	0.671232
	0.970200	0.066952	0.671315
	0.969300	0.066957	0.671336
	0.968700	0.066960	0.671283
	0.968000	0.066961	0.671236
	0.966900	0.066962	0.671207
	0.966400	0.066965	0.671220
	0.965500	0.066969	0.671234
	0.964700	0.066976	0.671173
	0.963900	0.066976	0.671164
	0.963400	0.066981	0.671174
	0.962600	0.066983	0.671245
	0.961500	0.066984	0.671269
	0.960700	0.066987	0.671213
	0.959800	0.066992	0.671189
	0.959300	0.066998	0.671192
	0.958400	0.067008	0.671108
	0.957400	0.067011	0.671068
	0.957200	0.067011	0.671067
	0.955500	0.067011	0.671074
	0.955500	0.067011	0.671092
	0.954500	0.067015	0.671119
	0.953500	0.067014	0.671156
	0.952500	0.067021	0.671157
	0.952200	0.067023	0.671141
	0.951300	0.067028	0.671120
	0.950600	0.067034	0.671098
	0.949500	0.067038	0.671088
	0.948600	0.067041	0.671109
	0.947800	0.067046	0.671094
	0.946900	0.067051	0.671057
	0.946300	0.067057	0.671062
	0.945100	0.067062	0.671079
	0.945100	0.067066	0.671083
	0.943300	0.067071	0.671070
	0.942800	0.067074	0.671011
	0.941400	0.067079	0.671001
	0.941600	0.067087	0.670952
	0.940600	0.067094	0.670853
	0.939400	0.067101	0.670858
	0.938600	0.067104	0.670943
	0.937800	0.067112	0.670927
	0.937200	0.067122	0.670836
	0.936300	0.067122	0.670874
	0.935600	0.067122	0.670889
	0.934600	0.067122	0.670846
	0.933800	0.067119	0.670858
	0.933100	0.067122	0.670918
	0.932300	0.067125	0.670972
	0.931100	0.067126	0.671016
	0.930400	0.067131	0.670959
	0.930100	0.067135	0.670888
	0.928800	0.067140	0.670829
	0.927900	0.067140	0.670851
	0.926700	0.067142	0.670813
	0.926400	0.067141	0.670859
	0.925200	0.067142	0.670930
	0.924500	0.067149	0.670935
	0.923600	0.067153	0.670939
	0.922900	0.067155	0.670947
	0.922000	0.067159	0.670952
	0.921100	0.067161	0.670969
	0.920300	0.067161	0.671003
	0.919400	0.067156	0.670995
	0.918400	0.067157	0.670976
	0.917100	0.067165	0.670955
	0.917400	0.067169	0.670961
	0.916000	0.067175	0.670937
	0.915000	0.067177	0.670988
	0.914200	0.067179	0.671030
	0.913000	0.067181	0.671098
	0.912200	0.067178	0.671111
	0.911600	0.067181	0.671161
	0.910900	0.067182	0.671213
	0.909600	0.067189	0.671194
	0.908800	0.067188	0.671176
	0.908100	0.067190	0.671091
	0.907100	0.067195	0.670985
	0.906100	0.067197	0.671015
	0.905500	0.067197	0.671010
	0.904800	0.067196	0.671012
	0.903300	0.067194	0.671012
	0.901900	0.067195	0.670996
	0.902800	0.067195	0.670987
	0.901000	0.067203	0.670901
	0.900000	0.067208	0.670806
	0.899200	0.067205	0.670822
	0.898300	0.067201	0.670843
	0.897400	0.067209	0.670723
	0.896500	0.067220	0.670564
	0.895500	0.067220	0.670510
	0.894500	0.067214	0.670571
	0.893800	0.067207	0.670702
	0.893400	0.067207	0.670750
	0.892100	0.067200	0.670903
	0.890700	0.067185	0.671040
	0.890900	0.067172	0.671157
	0.889300	0.067166	0.671188
	0.888400	0.067162	0.671211
	0.887800	0.067162	0.671290
	0.886500	0.067164	0.671288
	0.885500	0.067167	0.671217
	0.884900	0.067167	0.671139
	0.884200	0.067169	0.671022
	0.883300	0.067176	0.670948
	0.882000	0.067178	0.670883
	0.881100	0.067179	0.670826
	0.880100	0.067180	0.670756
	0.879800	0.067186	0.670664
	0.878800	0.067192	0.670556
	0.877300	0.067191	0.670528
	0.876600	0.067187	0.670482
	0.875700	0.067186	0.670481
	0.874600	0.067179	0.670501
	0.873800	0.067177	0.670480
	0.872800	0.067179	0.670369
	0.871800	0.067181	0.670334
	0.871100	0.067181	0.670260
	0.870200	0.067183	0.670210
	0.869400	0.067184	0.670156
	0.868100	0.067188	0.670063
	0.867400	0.067189	0.670032
	0.866200	0.067191	0.670002
	0.865600	0.067198	0.669922
	0.864700	0.067202	0.669851
	0.862700	0.067205	0.669737
	0.862600	0.067209	0.669679
	0.862100	0.067211	0.669665
	0.860700	0.067213	0.669738
	0.860300	0.067218	0.669717
	0.859300	0.067218	0.669648
	0.857900	0.067218	0.669638
	0.857000	0.067222	0.669596
	0.856300	0.067219	0.669642
	0.855200	0.067221	0.669602
	0.854500	0.067221	0.669594
	0.853400	0.067220	0.669599
	0.852200	0.067220	0.669595
	0.850900	0.067226	0.669517
	0.850800	0.067225	0.669533
	0.849600	0.067226	0.669537
	0.848800	0.067226	0.669508
	0.848100	0.067234	0.669434
	0.846900	0.067234	0.669423
	0.845800	0.067237	0.669428
	0.844900	0.067239	0.669370
	0.844000	0.067239	0.669356
	0.843000	0.067237	0.669365
	0.842000	0.067238	0.669449
	0.840900	0.067241	0.669453
	0.839900	0.067245	0.669354
	0.839500	0.067246	0.669297
	0.838200	0.067245	0.669296
	0.837400	0.067244	0.669270
	0.836000	0.067246	0.669228
	0.835700	0.067246	0.669278
	0.834500	0.067251	0.669310
	0.833300	0.067251	0.669391
	0.832600	0.067251	0.669413
	0.831600	0.067255	0.669353
	0.830600	0.067255	0.669363
	0.829500	0.067253	0.669414
	0.828700	0.067250	0.669499
	0.827700	0.067255	0.669511
	0.827400	0.067257	0.669483
	0.825600	0.067258	0.669482
	0.825000	0.067260	0.669504
	0.824000	0.067263	0.669540
	0.823200	0.067266	0.669501
	0.822200	0.067266	0.669508
	0.821000	0.067268	0.669506
	0.820100	0.067269	0.669530
	0.819000	0.067272	0.669483
	0.818000	0.067278	0.669467
	0.817200	0.067277	0.669515
	0.816100	0.067281	0.669474
	0.814400	0.067282	0.669502
	0.814300	0.067281	0.669544
	0.812800	0.067281	0.669585
	0.812000	0.067286	0.669539
	0.811400	0.067289	0.669505
	0.810400	0.067290	0.669565
	0.809600	0.067287	0.669616
	0.808400	0.067284	0.669664
	0.807500	0.067288	0.669648
	0.806400	0.067287	0.669659
	0.805300	0.067287	0.669697
	0.804400	0.067286	0.669736
	0.804000	0.067288	0.669765
	0.802700	0.067294	0.669754
	0.801400	0.067295	0.669826
	0.800800	0.067297	0.669860
	0.799500	0.067297	0.669888
	0.798600	0.067295	0.669907
	0.797600	0.067295	0.669899
	0.796500	0.067298	0.669856
	0.795500	0.067302	0.669778
	0.794700	0.067305	0.669746
	0.794000	0.067311	0.669707
	0.792700	0.067310	0.669692
	0.791700	0.067313	0.669728
	0.790800	0.067316	0.669732
	0.789600	0.067314	0.669740
	0.788800	0.067313	0.669774
	0.787600	0.067316	0.669753
	0.786600	0.067319	0.669743
	0.786300	0.067323	0.669710
	0.784800	0.067324	0.669731
	0.783600	0.067324	0.669696
	0.782900	0.067326	0.669655
	0.781600	0.067326	0.669647
	0.780700	0.067325	0.669621
	0.779600	0.067324	0.669626
	0.778700	0.067327	0.669586
	0.777400	0.067329	0.669569
	0.776600	0.067331	0.669572
	0.775600	0.067331	0.669536
	0.775200	0.067334	0.669518
	0.773700	0.067342	0.669446
	0.772800	0.067351	0.669394
	0.771500	0.067360	0.669353
	0.770600	0.067355	0.669453
	0.769500	0.067352	0.669549
	0.768600	0.067352	0.669593
	0.767400	0.067350	0.669633
	0.767000	0.067347	0.669627
	0.765900	0.067350	0.669628
	0.764600	0.067352	0.669666
	0.763800	0.067359	0.669658
	0.762600	0.067360	0.669643
	0.761700	0.067361	0.669635
	0.760500	0.067359	0.669649
	0.759500	0.067363	0.669648
	0.758400	0.067362	0.669676
	0.758400	0.067361	0.669699
	0.756600	0.067365	0.669639
	0.755500	0.067365	0.669655
	0.754300	0.067367	0.669659
	0.753600	0.067370	0.669660
	0.752000	0.067378	0.669559
	0.751300	0.067381	0.669550
	0.748900	0.067383	0.669527
	0.749600	0.067389	0.669479
	0.748300	0.067394	0.669472
	0.747000	0.067393	0.669475
	0.746400	0.067392	0.669490
	0.745200	0.067393	0.669495
	0.744200	0.067398	0.669425
	0.743300	0.067402	0.669381
	0.742100	0.067405	0.669340
	0.741300	0.067403	0.669326
	0.740100	0.067404	0.669296
	0.738900	0.067406	0.669277
	0.738800	0.067409	0.669217
	0.737200	0.067412	0.669263
	0.736000	0.067408	0.669274
	0.735000	0.067405	0.669293
	0.733800	0.067407	0.669283
	0.732500	0.067405	0.669261
	0.732200	0.067409	0.669230
	0.730700	0.067409	0.669193
	0.730100	0.067411	0.669181
	0.728800	0.067415	0.669141
	0.727900	0.067417	0.669102
	0.726500	0.067409	0.669148
	0.725800	0.067408	0.669132
	0.725000	0.067410	0.669127
	0.723900	0.067413	0.669116
	0.722600	0.067410	0.669143
	0.721500	0.067408	0.669109
	0.720600	0.067407	0.669024
	0.719400	0.067412	0.668926
	0.718300	0.067413	0.668881
	0.717500	0.067413	0.668872
	0.717000	0.067413	0.668860
	0.715200	0.067416	0.668805
	0.714000	0.067417	0.668815
	0.713200	0.067416	0.668845
	0.712000	0.067417	0.668841
	0.711000	0.067419	0.668830
	0.710100	0.067417	0.668836
	0.708800	0.067419	0.668842
	0.707800	0.067416	0.668873
	0.707200	0.067420	0.668805
	0.705900	0.067426	0.668696
	0.704600	0.067426	0.668705
	0.703300	0.067418	0.668826
	0.702900	0.067408	0.668952
	0.701500	0.067413	0.668885
	0.700500	0.067413	0.668833
	0.699200	0.067409	0.668826
	0.698400	0.067398	0.668925
	0.697600	0.067390	0.669070
	0.696600	0.067380	0.669175
	0.695000	0.067376	0.669182
	0.694100	0.067377	0.669141
	0.693300	0.067380	0.669122
	0.691800	0.067377	0.669157
	0.690400	0.067381	0.669106
	0.690500	0.067391	0.668931
	0.688800	0.067394	0.668882
	0.687900	0.067389	0.668911
	0.686800	0.067378	0.669003
	0.686800	0.067377	0.668956
	0.684700	0.067369	0.669009
	0.683500	0.067364	0.668997
	0.682500	0.067361	0.668961
	0.681300	0.067360	0.668976
	0.680500	0.067361	0.668911
	0.679400	0.067364	0.668859
	0.678900	0.067371	0.668797
	0.677100	0.067371	0.668773
	0.676100	0.067370	0.668740
	0.674900	0.067369	0.668789
	0.674000	0.067366	0.668816
	0.672500	0.067365	0.668787
	0.671900	0.067364	0.668789
	0.670700	0.067362	0.668771
	0.669700	0.067359	0.668763
	0.668500	0.067360	0.668733
	0.667400	0.067361	0.668693
	0.666400	0.067365	0.668621
	0.665400	0.067362	0.668608
	0.664400	0.067367	0.668552
	0.663100	0.067369	0.668542
	0.661900	0.067374	0.668464
	0.661200	0.067384	0.668399
	0.660300	0.067383	0.668446
	0.659300	0.067380	0.668530
	0.657800	0.067375	0.668670
	0.656900	0.067373	0.668738
	0.656100	0.067370	0.668775
	0.654800	0.067369	0.668770
	0.653800	0.067366	0.668785
	0.652400	0.067366	0.668765
	0.651300	0.067367	0.668767
	0.650400	0.067368	0.668787
	0.649900	0.067370	0.668826
	0.648300	0.067371	0.668839
	0.647500	0.067370	0.668910
	0.646100	0.067369	0.668993
	0.645300	0.067365	0.669090
	0.644000	0.067360	0.669154
	0.643400	0.067356	0.669173
	0.642700	0.067358	0.669131
	0.640800	0.067364	0.669050
	0.639800	0.067368	0.668972
	0.638600	0.067365	0.668950
	0.637000	0.067364	0.668986
	0.637000	0.067362	0.668993
	0.635300	0.067362	0.668992
	0.634400	0.067360	0.668970
	0.633300	0.067362	0.668933
	0.632300	0.067361	0.668992
	0.631000	0.067359	0.669033
	0.630800	0.067357	0.669054
	0.629100	0.067355	0.669133
	0.628200	0.067351	0.669125
	0.626800	0.067351	0.669135
	0.625900	0.067350	0.669091
	0.624600	0.067347	0.669194
	0.623600	0.067348	0.669268
	0.622400	0.067345	0.669348
	0.621400	0.067345	0.669362
	0.621500	0.067340	0.669456
	0.619300	0.067338	0.669493
	0.618100	0.067341	0.669471
	0.617300	0.067344	0.669485
	0.616600	0.067348	0.669426
	0.614700	0.067348	0.669401
	0.613700	0.067350	0.669422
	0.612900	0.067347	0.669495
	0.612500	0.067344	0.669494
	0.610700	0.067346	0.669445
	0.609800	0.067348	0.669406
	0.608500	0.067348	0.669453
	0.607600	0.067351	0.669431
	0.606200	0.067350	0.669367
	0.605200	0.067349	0.669317
	0.604300	0.067353	0.669273
	0.602600	0.067358	0.669248
	0.602100	0.067360	0.669181
	0.601400	0.067358	0.669153
	0.600100	0.067360	0.669099
	0.598900	0.067361	0.669086
	0.597800	0.067360	0.669055
	0.596800	0.067359	0.669053
	0.595400	0.067355	0.669061
	0.594400	0.067356	0.669114
	0.593700	0.067355	0.669146
	0.592800	0.067350	0.669093
	0.591400	0.067347	0.669078
	0.590200	0.067343	0.669144
	0.589100	0.067340	0.669189
	0.588000	0.067345	0.669160
	0.587100	0.067348	0.669128
	0.585800	0.067345	0.669185
	0.584700	0.067344	0.669286
	0.583600	0.067342	0.669304
	0.582900	0.067346	0.669235
	0.581800	0.067345	0.669202
	0.580300	0.067343	0.669183
	0.579500	0.067343	0.669171
	0.578400	0.067346	0.669073
	0.577300	0.067347	0.669026
	0.576300	0.067352	0.668993
	0.575000	0.067355	0.668995
	0.574000	0.067350	0.669060
	0.573000	0.067350	0.668998
	0.571900	0.067349	0.668967
	0.571200	0.067348	0.668914
	0.569900	0.067351	0.668881
	0.568700	0.067352	0.668874
	0.567600	0.067349	0.668895
	0.566200	0.067344	0.668973
	0.565400	0.067342	0.668956
	0.564100	0.067343	0.668921
	0.563300	0.067346	0.668856
	0.562700	0.067348	0.668801
	0.561200	0.067348	0.668844
	0.560000	0.067347	0.668854
	0.558900	0.067341	0.668924
	0.557800	0.067336	0.668971
	0.556800	0.067339	0.668897
	0.555700	0.067342	0.668776
	0.554600	0.067345	0.668732
	0.553800	0.067345	0.668648
	0.552400	0.067349	0.668583
	0.551300	0.067349	0.668615
	0.550400	0.067350	0.668592
	0.549100	0.067347	0.668629
	0.548100	0.067347	0.668662
	0.546800	0.067346	0.668648
	0.545900	0.067344	0.668671
	0.545200	0.067343	0.668650
	0.543900	0.067344	0.668684
	0.542600	0.067344	0.668647
	0.541700	0.067349	0.668596
	0.540500	0.067350	0.668548
	0.539300	0.067347	0.668516
	0.538400	0.067341	0.668504
	0.536900	0.067338	0.668499
	0.536300	0.067338	0.668508
	0.534900	0.067339	0.668485
	0.534000	0.067338	0.668476
	0.533100	0.067334	0.668445
	0.532200	0.067335	0.668452
	0.530800	0.067338	0.668407
	0.529600	0.067340	0.668322
	0.528500	0.067338	0.668308
	0.527400	0.067343	0.668280
	0.526700	0.067341	0.668312
	0.525800	0.067344	0.668330
	0.524100	0.067347	0.668292
	0.522900	0.067347	0.668258
	0.522200	0.067348	0.668220
	0.521100	0.067348	0.668196
	0.519700	0.067351	0.668208
	0.518800	0.067355	0.668193
	0.517500	0.067356	0.668179
	0.516600	0.067358	0.668157
	0.515300	0.067354	0.668135
	0.514100	0.067352	0.668042
	0.513200	0.067353	0.667919
	0.512600	0.067352	0.667882
	0.511000	0.067354	0.667864
	0.510000	0.067357	0.667860
	0.508800	0.067357	0.667827
	0.507900	0.067358	0.667812
	0.506200	0.067360	0.667770
	0.505400	0.067361	0.667772
	0.504700	0.067364	0.667749
	0.504500	0.067367	0.667770
	0.502400	0.067364	0.667777
	0.501300	0.067365	0.667705
	0.500500	0.067365	0.667639
	0.499100	0.067363	0.667579
	0.498100	0.067364	0.667535
	0.496700	0.067364	0.667488
	0.495800	0.067362	0.667450
	0.494500	0.067368	0.667368
	0.493700	0.067375	0.667304
	0.493200	0.067377	0.667308
	0.491700	0.067377	0.667347
	0.490500	0.067379	0.667345
	0.489500	0.067378	0.667308
	0.488200	0.067380	0.667309
	0.487100	0.067383	0.667247
	0.486300	0.067387	0.667209
	0.485300	0.067392	0.667154
	0.483900	0.067394	0.667119
	0.482600	0.067393	0.667147
	0.481600	0.067398	0.667198
	0.480800	0.067397	0.667221
	0.479500	0.067401	0.667179
	0.478700	0.067402	0.667144
	0.477300	0.067404	0.667025
	0.476100	0.067410	0.666883
	0.475000	0.067411	0.666810
	0.474200	0.067410	0.666808
	0.473000	0.067409	0.666801
	0.471700	0.067415	0.666751
	0.470600	0.067425	0.666588
	0.469700	0.067428	0.666547
	0.468400	0.067428	0.666504
	0.467600	0.067429	0.666440
	0.466200	0.067431	0.666409
	0.465300	0.067431	0.666481
	0.464200	0.067432	0.666493
	0.463100	0.067428	0.666510
	0.461900	0.067428	0.666516
	0.461400	0.067435	0.666462
	0.460000	0.067435	0.666424
	0.458800	0.067436	0.666401
	0.457700	0.067436	0.666380
	0.456500	0.067433	0.666454
	0.455600	0.067431	0.666521
	0.454400	0.067429	0.666580
	0.453400	0.067430	0.666580
	0.452400	0.067431	0.666528
	0.451600	0.067431	0.666519
	0.449900	0.067432	0.666499
	0.449000	0.067437	0.666389
	0.447800	0.067440	0.666323
	0.446700	0.067445	0.666301
	0.445400	0.067449	0.666246
	0.444700	0.067450	0.666209
	0.443900	0.067453	0.666191
	0.442300	0.067456	0.666171
	0.441200	0.067456	0.666164
	0.440200	0.067459	0.666130
	0.439000	0.067463	0.666078
	0.437900	0.067461	0.666018
	0.436700	0.067465	0.665965
	0.435700	0.067468	0.665905
	0.434700	0.067476	0.665831
	0.434500	0.067487	0.665723
	0.431900	0.067490	0.665640
	0.431900	0.067495	0.665570
	0.430200	0.067502	0.665559
	0.429500	0.067505	0.665533
	0.428100	0.067504	0.665558
	0.427100	0.067506	0.665634
	0.425900	0.067506	0.665692
	0.424700	0.067502	0.665766
	0.424200	0.067500	0.665817
	0.422800	0.067503	0.665818
	0.421500	0.067510	0.665758
	0.420500	0.067516	0.665770
	0.419400	0.067518	0.665735
	0.418200	0.067520	0.665715
	0.417300	0.067522	0.665711
	0.415900	0.067521	0.665662
	0.415100	0.067524	0.665630
	0.414100	0.067525	0.665591
	0.412900	0.067531	0.665583
	0.411500	0.067538	0.665560
	0.410600	0.067545	0.665524
	0.409300	0.067550	0.665506
	0.408300	0.067551	0.665563
	0.407100	0.067555	0.665571
	0.406200	0.067556	0.665618
	0.405000	0.067561	0.665618
	0.404000	0.067565	0.665615
	0.402800	0.067567	0.665618
	0.401600	0.067571	0.665542
	0.401300	0.067573	0.665597
	0.399700	0.067578	0.665613
	0.398500	0.067581	0.665631
	0.397500	0.067586	0.665583
	0.396100	0.067589	0.665618
	0.395200	0.067593	0.665645
	0.395100	0.067593	0.665692
	0.393000	0.067595	0.665702
	0.392000	0.067598	0.665651
	0.391000	0.067603	0.665714
	0.389600	0.067604	0.665718
	0.388600	0.067605	0.665747
	0.387300	0.067607	0.665778
	0.386400	0.067607	0.665784
	0.385100	0.067617	0.665751
	0.384400	0.067621	0.665666
	0.383400	0.067624	0.665648
	0.382400	0.067627	0.665583
	0.380900	0.067630	0.665550
	0.379900	0.067633	0.665555
	0.379000	0.067632	0.665634
	0.377600	0.067636	0.665652
	0.376300	0.067641	0.665673
	0.375200	0.067648	0.665670
	0.374400	0.067650	0.665675
	0.372900	0.067648	0.665778
	0.372000	0.067653	0.665846
	0.370800	0.067662	0.665845
	0.370900	0.067667	0.665858
	0.368900	0.067673	0.665858
	0.367700	0.067681	0.665851
	0.366500	0.067690	0.665789
	0.365600	0.067697	0.665725
	0.364200	0.067700	0.665718
	0.363400	0.067706	0.665737
	0.362100	0.067710	0.665811
	0.361200	0.067718	0.665856
	0.360100	0.067724	0.665853
	0.359400	0.067730	0.665928
	0.357700	0.067733	0.665995
	0.356600	0.067747	0.666041
	0.355800	0.067761	0.666132
	0.354500	0.067771	0.666239
	0.352900	0.067787	0.666328
	0.352500	0.067804	0.666483
	0.351700	0.067817	0.666576
	0.350000	0.067825	0.666722
	0.348700	0.067844	0.666994
	0.348000	0.067873	0.667325
	0.346800	0.067897	0.667753
	0.345700	0.067917	0.668313
	0.344800	0.067933	0.668926
	0.342900	0.067944	0.669612
	0.342400	0.067944	0.670579
	0.341700	0.067940	0.671376
	0.340300	0.067927	0.671998
	0.339200	0.067863	0.672845
	0.338100	0.067794	0.673351
	0.336900	0.067728	0.673555
	0.335800	0.067663	0.673311
	0.334500	0.067621	0.672991
	0.333600	0.067586	0.672541
	0.332200	0.067564	0.672046
	0.331100	0.067549	0.671658
	0.330500	0.067541	0.671266
	0.329100	0.067540	0.670951
	0.328100	0.067544	0.670637
	0.327000	0.067548	0.670244
	0.326000	0.067561	0.669901
	0.324600	0.067572	0.669632
	0.323700	0.067580	0.669447
	0.322700	0.067589	0.669302
	0.322200	0.067598	0.669171
	0.320200	0.067598	0.669090
	0.319100	0.067602	0.668936
	0.318000	0.067610	0.668783
	0.317200	0.067616	0.668732
	0.316100	0.067619	0.668719
	0.314500	0.067623	0.668666
	0.314200	0.067631	0.668498
	0.313000	0.067641	0.668426
	0.311700	0.067647	0.668294
	0.310300	0.067658	0.668142
	0.309400	0.067671	0.668037
	0.308000	0.067677	0.667981
	0.307000	0.067684	0.668017
	0.306000	0.067688	0.668059
	0.305500	0.067690	0.668040
	0.303200	0.067697	0.667961
	0.302600	0.067708	0.667919
	0.301800	0.067714	0.667887
	0.300500	0.067720	0.667834
	0.299500	0.067727	0.667809
	0.298100	0.067731	0.667804
	0.297000	0.067740	0.667799
	0.296200	0.067740	0.667899
	0.295000	0.067749	0.667872
	0.293400	0.067756	0.667779
	0.292800	0.067759	0.667805
	0.292100	0.067761	0.667866
	0.290700	0.067765	0.667925
	0.289800	0.067771	0.667917
	0.287900	0.067774	0.667926
	0.287000	0.067782	0.667936
	0.286500	0.067791	0.667921
	0.285100	0.067798	0.667953
	0.283900	0.067806	0.667989
	0.282800	0.067811	0.668016
	0.281800	0.067817	0.668010
	0.280200	0.067820	0.667927
	0.279700	0.067826	0.667849
	0.278100	0.067827	0.667855
	0.277400	0.067831	0.667861
	0.275100	0.067840	0.667839
	0.274800	0.067844	0.667810
	0.273800	0.067847	0.667806
	0.273600	0.067848	0.667825
	0.271800	0.067854	0.667827
	0.270700	0.067859	0.667817
	0.269600	0.067863	0.667793
	0.268500	0.067862	0.667830
	0.267400	0.067868	0.667806
	0.266900	0.067875	0.667754
	0.265300	0.067880	0.667722
	0.264100	0.067890	0.667674
	0.263200	0.067900	0.667619
	0.261900	0.067902	0.667661
	0.260600	0.067906	0.667673
	0.260300	0.067908	0.667653
	0.258300	0.067912	0.667652
	0.257200	0.067921	0.667652
	0.256400	0.067929	0.667643
	0.255200	0.067934	0.667668
	0.254400	0.067939	0.667702
	0.252900	0.067950	0.667596
	0.252000	0.067956	0.667521
	0.250800	0.067963	0.667491
	0.250100	0.067968	0.667424
	0.248800	0.067975	0.667382
	0.247600	0.067976	0.667401
	0.246300	0.067984	0.667361
	0.245300	0.067994	0.667302
	0.243900	0.067999	0.667268
	0.243000	0.068004	0.667262
	0.242100	0.068010	0.667250
	0.240800	0.068014	0.667252
	0.239600	0.068019	0.667298
	0.239600	0.068024	0.667323
	0.237400	0.068026	0.667310
	0.236400	0.068029	0.667287
	0.235300	0.068034	0.667333
	0.234300	0.068044	0.667265
	0.233000	0.068047	0.667307
	0.232000	0.068057	0.667257
	0.230800	0.068066	0.667214
	0.230300	0.068077	0.667154
	0.228800	0.068091	0.667131
	0.228300	0.068105	0.667116
	0.226600	0.068117	0.667064
	0.225800	0.068126	0.666963
	0.224600	0.068133	0.666887
	0.223200	0.068144	0.666842
	0.222900	0.068147	0.666843
	0.221000	0.068161	0.666821
	0.220100	0.068173	0.666760
	0.218700	0.068181	0.666781
	0.217900	0.068188	0.666741
	0.216400	0.068196	0.666674
	0.215500	0.068193	0.666678
	0.214600	0.068199	0.666660
	0.213200	0.068208	0.666589
	0.212400	0.068213	0.666568
	0.210900	0.068220	0.666515
	0.209800	0.068228	0.666446
	0.208700	0.068232	0.666440
	0.208200	0.068234	0.666402
	0.206800	0.068235	0.666402
	0.205300	0.068241	0.666314
	0.204300	0.068244	0.666204
	0.202800	0.068249	0.666205
	0.202200	0.068250	0.666179
	0.201300	0.068266	0.665882
	0.200100	0.068284	0.665656
	0.198700	0.068294	0.665537
	0.197800	0.068300	0.665422
	0.196400	0.068301	0.665340
	0.195600	0.068302	0.665342
	0.194500	0.068308	0.665353
	0.193500	0.068310	0.665412
	0.192300	0.068313	0.665474
	0.191200	0.068316	0.665476
	0.190500	0.068317	0.665492
	0.189100	0.068322	0.665539
	0.187800	0.068327	0.665566
	0.186900	0.068328	0.665603
	0.185500	0.068330	0.665640
	0.185800	0.068330	0.665690
	0.183600	0.068330	0.665766
	0.182100	0.068330	0.665826
	0.181500	0.068333	0.665827
	0.179500	0.068335	0.665849
	0.179300	0.068341	0.665830
	0.176900	0.068346	0.665780
	0.176700	0.068354	0.665681
	0.175600	0.068358	0.665691
	0.174700	0.068363	0.665697
	0.173100	0.068371	0.665669
	0.172700	0.068373	0.665616
	0.171300	0.068375	0.665632
	0.170300	0.068380	0.665677
	0.169800	0.068385	0.665720
	0.168200	0.068389	0.665716
	0.167000	0.068393	0.665650
	0.165100	0.068395	0.665625
	0.164600	0.068397	0.665588
	0.163700	0.068402	0.665488
	0.162900	0.068413	0.665434
	0.161400	0.068415	0.665478
	0.160100	0.068412	0.665556
	0.159300	0.068413	0.665526
	0.158500	0.068417	0.665461
	0.156800	0.068421	0.665467
	0.155900	0.068421	0.665459
	0.154800	0.068421	0.665457
	0.153300	0.068429	0.665403
	0.152600	0.068433	0.665490
	0.151100	0.068432	0.665546
	0.150300	0.068434	0.665562
	0.148700	0.068435	0.665609
	0.147800	0.068434	0.665676
	0.148300	0.068438	0.665708
	0.145800	0.068433	0.665845
	0.144800	0.068431	0.665986
	0.143600	0.068433	0.666074
	0.142800	0.068436	0.666112
	0.141300	0.068438	0.666166
	0.140700	0.068442	0.666213
	0.139900	0.068444	0.666231
	0.138400	0.068445	0.666165
	0.137200	0.068447	0.666175
	0.136000	0.068452	0.666191
	0.135300	0.068450	0.666310
	0.134200	0.068451	0.666380
	0.132900	0.068458	0.666356
	0.131300	0.068457	0.666382
	0.130100	0.068453	0.666422
	0.129000	0.068455	0.666464
	0.128000	0.068453	0.666497
	0.127600	0.068457	0.666481
	0.126400	0.068461	0.666494
	0.125000	0.068457	0.666571
	0.123700	0.068461	0.666564
	0.122600	0.068463	0.666569
	0.122400	0.068466	0.666549
	0.120700	0.068461	0.666602
	0.119400	0.068459	0.666606
	0.118500	0.068457	0.666586
	0.116800	0.068457	0.666666
	0.116500	0.068458	0.666803
	0.115100	0.068455	0.666881
	0.113900	0.068454	0.666893
	0.112900	0.068454	0.666915
	0.111500	0.068452	0.666927
	0.111200	0.068452	0.666926
	0.109600	0.068449	0.666960
	0.108500	0.068448	0.666937
	0.107100	0.068446	0.666969
	0.106200	0.068439	0.667109
	0.105000	0.068436	0.667110
	0.104200	0.068434	0.667104
	0.102800	0.068434	0.667156
	0.102300	0.068435	0.667175
	0.100600	0.068435	0.667183
	0.099700	0.068432	0.667238
	0.098300	0.068433	0.667286
	0.097700	0.068438	0.667293
	0.097500	0.068430	0.667350
	0.095200	0.068430	0.667406
	0.094500	0.068427	0.667429
	0.093100	0.068431	0.667393
	0.092000	0.068427	0.667445
	0.090300	0.068425	0.667473
	0.089700	0.068424	0.667517
	0.089300	0.068424	0.667527
	0.087400	0.068424	0.667518
	0.086100	0.068422	0.667530
	0.085400	0.068425	0.667497
	0.084400	0.068428	0.667461
	0.082800	0.068425	0.667494
	0.082000	0.068419	0.667557
	0.080300	0.068418	0.667594
	0.079400	0.068420	0.667465
	0.078600	0.068421	0.667406
	0.077200	0.068423	0.667380
	0.075900	0.068426	0.667393
	0.075700	0.068420	0.667485
	0.074100	0.068420	0.667569
	0.073700	0.068419	0.667567
	0.071600	0.068417	0.667529
	0.071100	0.068415	0.667473
	0.070700	0.068413	0.667474
	0.068500	0.068407	0.667545
	0.067500	0.068405	0.667631
	0.067200	0.068409	0.667652
	0.065200	0.068409	0.667688
	0.064000	0.068409	0.667680
	0.064000	0.068411	0.667664
	0.062000	0.068411	0.667667
	0.061000	0.068410	0.667666
	0.060600	0.068408	0.667592
	0.058600	0.068412	0.667491
	0.057500	0.068413	0.667485
	0.057200	0.068412	0.667490
	0.055300	0.068408	0.667545
	0.054500	0.068404	0.667574
	0.053900	0.068401	0.667560
	0.051800	0.068398	0.667541
	0.051100	0.068400	0.667566
	0.050400	0.068396	0.667619
	0.048300	0.068393	0.667679
	0.047700	0.068396	0.667679
	0.047300	0.068394	0.667630
	0.045400	0.068392	0.667569
	0.045000	0.068390	0.667514
	0.043200	0.068392	0.667494
	0.042600	0.068390	0.667462
	0.041400	0.068384	0.667438
	0.040600	0.068382	0.667409
	0.039400	0.068377	0.667430
	0.038700	0.068377	0.667422
	0.037100	0.068379	0.667313
	0.036600	0.068379	0.667264
	0.034400	0.068376	0.667316
	0.034100	0.068377	0.667320
	0.032200	0.068382	0.667303
	0.031200	0.068383	0.667268
	0.030500	0.068384	0.667283
	0.029800	0.068381	0.667337
		0.068379	0.667381
