	1.006400	1.000000E-10	0.785398
	1.002100	0.173137	-1.497559
	1.002800	0.173129	-1.497666
	1.002400	0.173126	-1.497691
	1.001600	0.173130	-1.497705
	1.000700	0.173128	-1.497745
	1.000500	0.173137	-1.497805
	0.999800	0.173130	-1.497807
	0.999300	0.173130	-1.497849
	0.998300	0.173129	-1.497893
	0.997600	0.173132	-1.497895
	0.996800	0.173137	-1.497887
	0.996200	0.173139	-1.497882
	0.995300	0.173132	-1.497914
	0.994800	0.173129	-1.497947
	0.993700	0.173122	-1.497976
	0.993500	0.173112	-1.497983
	0.992700	0.173114	-1.498010
	0.991900	0.173109	-1.498000
	0.991100	0.173114	-1.498015
	0.990200	0.173119	-1.498047
	0.989700	0.173114	-1.498131
	0.989000	0.173119	-1.498164
	0.988300	0.173121	-1.498172
	0.987300	0.173122	-1.498219
	0.986900	0.173122	-1.498251
	0.985800	0.173132	-1.498273
	0.985200	0.173130	-1.498274
	0.984500	0.173127	-1.498284
	0.984400	0.173133	-1.498328
	0.982900	0.173127	-1.498335
	0.982300	0.173126	-1.498330
	0.981500	0.173124	-1.498359
	0.980900	0.173124	-1.498367
	0.979900	0.173122	-1.498392
	0.979200	0.173123	-1.498416
	0.978400	0.173120	-1.498406
	0.977900	0.173117	-1.498447
	0.976900	0.173113	-1.498465
	0.976300	0.173100	-1.498496
	0.975000	0.173101	-1.498562
	0.974600	0.173101	-1.498586
	0.973900	0.173103	-1.498645
	0.973100	0.173103	-1.498700
	0.972500	0.173109	-1.498729
	0.971800	0.173109	-1.498797
	0.971000	0.173107	-1.498830
	0.969700	0.173109	-1.498856
	0.969300	0.173101	-1.498902
	0.968600	0.173097	-1.498966
	0.967700	0.173097	-1.499022
	0.967000	0.173101	-1.499054
	0.966200	0.173107	-1.499067
	0.965500	0.173108	-1.499108
	0.964700	0.173112	-1.499186
	0.963800	0.173119	-1.499241
	0.963100	0.173119	-1.499281
	0.962300	0.173118	-1.499300
	0.961700	0.173114	-1.499344
	0.960900	0.173111	-1.499424
	0.959900	0.173117	-1.499541
	0.959500	0.173124	-1.499636
	0.958600	0.173133	-1.499728
	0.957300	0.173144	-1.499778
	0.956800	0.173142	-1.499811
	0.955900	0.173136	-1.499824
	0.955100	0.173139	-1.499835
	0.954000	0.173146	-1.499822
	0.953900	0.173141	-1.499855
	0.952600	0.173138	-1.499888
	0.951700	0.173144	-1.499918
	0.950900	0.173153	-1.499954
	0.950200	0.173157	-1.499989
	0.949200	0.173156	-1.500046
	0.948700	0.173165	-1.500038
	0.947800	0.173165	-1.500069
	0.947300	0.173171	-1.500098
	0.946200	0.173168	-1.500112
	0.945400	0.173167	-1.500143
	0.944500	0.173169	-1.500187
	0.943500	0.173172	-1.500256
	0.942800	0.173166	-1.500297
	0.941800	0.173167	-1.500342
	0.941100	0.173166	-1.500352
	0.940300	0.173171	-1.500375
	0.939200	0.173178	-1.500404
	0.938500	0.173175	-1.500414
	0.937900	0.173167	-1.500423
	0.937000	0.173164	-1.500476
	0.936500	0.173169	-1.500512
	0.935500	0.173171	-1.500542
	0.934800	0.173175	-1.500566
	0.933800	0.173175	-1.500614
	0.932700	0.173172	-1.500647
	0.930800	0.173187	-1.500716
	0.931500	0.173188	-1.500775
	0.930400	0.173178	-1.500789
	0.929600	0.173184	-1.500828
	0.928600	0.173190	-1.500829
	0.927900	0.173192	-1.500853
	0.926800	0.173189	-1.500881
	0.926100	0.173199	-1.500929
	0.925300	0.173199	-1.500974
	0.924300	0.173202	-1.501021
	0.923400	0.173196	-1.501071
	0.922700	0.173206	-1.501124
	0.921700	0.173204	-1.501160
	0.920900	0.173207	-1.501166
	0.920800	0.173218	-1.501202
	0.919300	0.173215	-1.501253
	0.918300	0.173216	-1.501299
	0.917600	0.173223	-1.501329
	0.916500	0.173227	-1.501415
	0.916000	0.173225	-1.501463
	0.915200	0.173222	-1.501471
	0.914700	0.173230	-1.501489
	0.912900	0.173233	-1.501487
	0.912300	0.173231	-1.501527
	0.911400	0.173229	-1.501553
	0.910500	0.173233	-1.501607
	0.909700	0.173241	-1.501624
	0.908800	0.173235	-1.501638
	0.907900	0.173240	-1.501679
	0.907100	0.173245	-1.501686
	0.906300	0.173239	-1.501726
	0.905900	0.173231	-1.501780
	0.904500	0.173231	-1.501821
	0.903600	0.173234	-1.501823
	0.902700	0.173236	-1.501848
	0.901700	0.173236	-1.501867
	0.900600	0.173233	-1.501850
	0.900500	0.173238	-1.501866
	0.899200	0.173238	-1.501894
	0.898100	0.173245	-1.501946
	0.897200	0.173249	-1.501977
	0.896500	0.173245	-1.501984
	0.895600	0.173244	-1.502017
	0.894700	0.173247	-1.502083
	0.893800	0.173243	-1.502109
	0.892800	0.173253	-1.502140
	0.891900	0.173258	-1.502169
	0.891300	0.173265	-1.502176
	0.890300	0.173273	-1.502218
	0.889200	0.173275	-1.502256
	0.888300	0.173275	-1.502276
	0.887500	0.173277	-1.502305
	0.886900	0.173278	-1.502346
	0.885600	0.173278	-1.502459
	0.884700	0.173269	-1.502529
	0.883800	0.173277	-1.502586
	0.883000	0.173274	-1.502624
	0.881900	0.173267	-1.502633
	0.881600	0.173277	-1.502657
	0.880100	0.173276	-1.502683
	0.879200	0.173271	-1.502753
	0.878400	0.173270	-1.502824
	0.878000	0.173275	-1.502908
	0.876500	0.173279	-1.502986
	0.875600	0.173277	-1.503044
	0.874700	0.173278	-1.503074
	0.873800	0.173280	-1.503105
	0.872700	0.173299	-1.503151
	0.872000	0.173305	-1.503240
	0.871100	0.173313	-1.503302
	0.869800	0.173320	-1.503333
	0.869400	0.173320	-1.503339
	0.868400	0.173318	-1.503354
	0.867400	0.173314	-1.503364
	0.866300	0.173320	-1.503403
	0.865800	0.173324	-1.503434
	0.864600	0.173330	-1.503459
	0.863900	0.173336	-1.503503
	0.863200	0.173341	-1.503592
	0.861900	0.173343	-1.503627
	0.860900	0.173345	-1.503642
	0.860100	0.173349	-1.503675
	0.858800	0.173347	-1.503695
	0.858400	0.173346	-1.503693
	0.857900	0.173351	-1.503686
	0.856000	0.173357	-1.503683
	0.853600	0.173362	-1.503689
	0.854500	0.173361	-1.503736
	0.853000	0.173354	-1.503797
	0.852400	0.173359	-1.503822
	0.851600	0.173368	-1.503884
	0.850900	0.173365	-1.503960
	0.849700	0.173372	-1.504030
	0.848900	0.173383	-1.504090
	0.847700	0.173395	-1.504128
	0.846800	0.173402	-1.504125
	0.845700	0.173402	-1.504131
	0.845000	0.173407	-1.504165
	0.843800	0.173410	-1.504196
	0.843000	0.173415	-1.504227
	0.841900	0.173408	-1.504210
	0.841600	0.173402	-1.504216
	0.840100	0.173407	-1.504260
	0.839300	0.173412	-1.504329
	0.838400	0.173414	-1.504367
	0.837400	0.173405	-1.504436
	0.836700	0.173412	-1.504482
	0.835500	0.173412	-1.504477
	0.834600	0.173419	-1.504497
	0.833600	0.173427	-1.504547
	0.832700	0.173427	-1.504609
	0.831400	0.173431	-1.504613
	0.830700	0.173425	-1.504631
	0.829600	0.173424	-1.504647
	0.828700	0.173436	-1.504678
	0.827600	0.173425	-1.504714
	0.827600	0.173430	-1.504755
	0.825700	0.173427	-1.504764
	0.824800	0.173433	-1.504784
	0.824000	0.173447	-1.504791
	0.822900	0.173439	-1.504798
	0.821900	0.173440	-1.504851
	0.820900	0.173446	-1.504902
	0.819900	0.173452	-1.504959
	0.819000	0.173448	-1.504950
	0.818100	0.173453	-1.504944
	0.817600	0.173459	-1.504959
	0.816300	0.173465	-1.504968
	0.815200	0.173463	-1.504981
	0.814100	0.173472	-1.505019
	0.813300	0.173471	-1.505052
	0.812200	0.173475	-1.505082
	0.811500	0.173474	-1.505069
	0.810600	0.173469	-1.505065
	0.809500	0.173466	-1.505099
	0.807800	0.173465	-1.505100
	0.807900	0.173470	-1.505144
	0.806300	0.173470	-1.505193
	0.805400	0.173480	-1.505226
	0.804300	0.173479	-1.505261
	0.803600	0.173482	-1.505324
	0.802100	0.173484	-1.505364
	0.801300	0.173485	-1.505393
	0.801200	0.173485	-1.505436
	0.799500	0.173482	-1.505472
	0.798600	0.173495	-1.505529
	0.797500	0.173499	-1.505539
	0.796700	0.173500	-1.505568
	0.795500	0.173506	-1.505595
	0.794800	0.173504	-1.505641
	0.793600	0.173511	-1.505701
	0.792500	0.173513	-1.505748
	0.791700	0.173511	-1.505793
	0.790500	0.173513	-1.505839
	0.789000	0.173510	-1.505874
	0.788600	0.173509	-1.505923
	0.787900	0.173517	-1.505987
	0.786500	0.173523	-1.506041
	0.785600	0.173534	-1.506096
	0.784700	0.173536	-1.506135
	0.783500	0.173544	-1.506147
	0.782600	0.173556	-1.506216
	0.781600	0.173552	-1.506240
	0.780700	0.173553	-1.506271
	0.778600	0.173560	-1.506311
	0.778600	0.173561	-1.506345
	0.777800	0.173562	-1.506330
	0.776700	0.173559	-1.506361
	0.775700	0.173562	-1.506428
	0.774700	0.173565	-1.506477
	0.773600	0.173575	-1.506528
	0.773300	0.173583	-1.506581
	0.771700	0.173587	-1.506647
	0.771000	0.173590	-1.506699
	0.769000	0.173598	-1.506720
	0.768700	0.173603	-1.506711
	0.768100	0.173594	-1.506734
	0.766700	0.173600	-1.506765
	0.765500	0.173613	-1.506804
	0.764500	0.173623	-1.506886
	0.763700	0.173629	-1.506910
	0.762600	0.173632	-1.506988
	0.761800	0.173636	-1.507052
	0.760700	0.173646	-1.507104
	0.760000	0.173648	-1.507138
	0.758800	0.173660	-1.507218
	0.757600	0.173660	-1.507251
	0.756700	0.173670	-1.507299
	0.755500	0.173675	-1.507363
	0.753900	0.173676	-1.507412
	0.753100	0.173687	-1.507481
	0.752500	0.173692	-1.507550
	0.751300	0.173700	-1.507560
	0.750900	0.173701	-1.507617
	0.749500	0.173699	-1.507671
	0.748500	0.173707	-1.507730
	0.747100	0.173714	-1.507747
	0.746400	0.173720	-1.507748
	0.745200	0.173722	-1.507779
	0.744400	0.173732	-1.507863
	0.743100	0.173737	-1.507992
	0.742100	0.173742	-1.508059
	0.741600	0.173745	-1.508083
	0.740200	0.173751	-1.508173
	0.739000	0.173764	-1.508245
	0.737900	0.173772	-1.508311
	0.737400	0.173774	-1.508339
	0.735900	0.173781	-1.508423
	0.734900	0.173789	-1.508478
	0.733700	0.173798	-1.508542
	0.733000	0.173794	-1.508579
	0.732000	0.173801	-1.508617
	0.731500	0.173815	-1.508690
	0.729800	0.173818	-1.508734
	0.729000	0.173821	-1.508791
	0.727900	0.173826	-1.508846
	0.726900	0.173834	-1.508872
	0.725500	0.173850	-1.508914
	0.724400	0.173849	-1.508941
	0.724400	0.173847	-1.508982
	0.722600	0.173855	-1.508996
	0.721600	0.173865	-1.509041
	0.720500	0.173869	-1.509087
	0.719600	0.173875	-1.509152
	0.718200	0.173880	-1.509198
	0.717100	0.173890	-1.509296
	0.716000	0.173894	-1.509355
	0.715200	0.173896	-1.509399
	0.714000	0.173896	-1.509440
	0.712900	0.173898	-1.509482
	0.712100	0.173904	-1.509525
	0.710800	0.173902	-1.509587
	0.710000	0.173915	-1.509667
	0.709100	0.173930	-1.509776
	0.707900	0.173938	-1.509844
	0.706800	0.173937	-1.509929
	0.705500	0.173948	-1.510035
	0.704700	0.173952	-1.510129
	0.703600	0.173954	-1.510206
	0.702600	0.173959	-1.510231
	0.701400	0.173965	-1.510268
	0.700600	0.173976	-1.510287
	0.699700	0.173982	-1.510317
	0.698300	0.173990	-1.510348
	0.697300	0.173998	-1.510403
	0.696400	0.173989	-1.510439
	0.695100	0.173996	-1.510459
	0.694000	0.173993	-1.510467
	0.693400	0.173992	-1.510495
	0.692000	0.173990	-1.510536
	0.691200	0.173998	-1.510601
	0.690700	0.174002	-1.510672
	0.688900	0.174004	-1.510729
	0.687900	0.174011	-1.510760
	0.687000	0.174010	-1.510766
	0.685500	0.174005	-1.510790
	0.684600	0.174007	-1.510815
	0.683500	0.174003	-1.510803
	0.682300	0.174011	-1.510841
	0.681300	0.174018	-1.510883
	0.680500	0.174022	-1.510911
	0.679300	0.174022	-1.510915
	0.678400	0.174029	-1.510882
	0.676900	0.174028	-1.510878
	0.676300	0.174029	-1.510910
	0.674700	0.174028	-1.510926
	0.674000	0.174033	-1.510928
	0.673000	0.174036	-1.510928
	0.671700	0.174035	-1.510946
	0.671100	0.174037	-1.510957
	0.669800	0.174044	-1.510982
	0.668500	0.174042	-1.511039
	0.667600	0.174038	-1.511066
	0.666400	0.174046	-1.511087
	0.665400	0.174046	-1.511126
	0.664300	0.174049	-1.511174
	0.663100	0.174052	-1.511189
	0.662000	0.174041	-1.511203
	0.661700	0.174046	-1.511224
	0.660100	0.174052	-1.511254
	0.659200	0.174056	-1.511267
	0.657900	0.174054	-1.511284
	0.657000	0.174042	-1.511319
	0.656000	0.174039	-1.511306
	0.654500	0.174044	-1.511340
	0.653900	0.174043	-1.511353
	0.652500	0.174037	-1.511339
	0.651400	0.174041	-1.511321
	0.650700	0.174048	-1.511314
	0.649300	0.174048	-1.511313
	0.648500	0.174050	-1.511341
	0.647100	0.174050	-1.511292
	0.646400	0.174045	-1.511307
	0.645500	0.174044	-1.511344
	0.644200	0.174052	-1.511376
	0.643100	0.174054	-1.511357
	0.641900	0.174053	-1.511338
	0.640800	0.174049	-1.511343
	0.639600	0.174052	-1.511367
	0.638500	0.174054	-1.511374
	0.637400	0.174054	-1.511373
	0.637200	0.174057	-1.511429
	0.635500	0.174054	-1.511439
	0.634500	0.174047	-1.511418
	0.633200	0.174046	-1.511427
	0.632300	0.174049	-1.511443
	0.631800	0.174058	-1.511491
	0.630100	0.174056	-1.511513
	0.629000	0.174045	-1.511532
	0.627900	0.174048	-1.511543
	0.626600	0.174058	-1.511556
	0.625900	0.174058	-1.511518
	0.624700	0.174061	-1.511500
	0.623500	0.174064	-1.511512
	0.622300	0.174061	-1.511482
	0.621500	0.174055	-1.511449
	0.621000	0.174057	-1.511435
	0.619300	0.174058	-1.511436
	0.618100	0.174062	-1.511477
	0.617100	0.174060	-1.511468
	0.616300	0.174059	-1.511439
	0.615000	0.174051	-1.511403
	0.613900	0.174049	-1.511374
	0.612900	0.174051	-1.511381
	0.611500	0.174050	-1.511412
	0.610600	0.174062	-1.511428
	0.610300	0.174071	-1.511479
	0.608500	0.174070	-1.511474
	0.607500	0.174074	-1.511486
	0.606300	0.174081	-1.511510
	0.605600	0.174081	-1.511505
	0.604000	0.174078	-1.511518
	0.603300	0.174078	-1.511540
	0.602100	0.174065	-1.511552
	0.600800	0.174067	-1.511562
	0.600300	0.174072	-1.511556
	0.598800	0.174084	-1.511564
	0.597700	0.174087	-1.511558
	0.596700	0.174087	-1.511563
	0.595600	0.174085	-1.511595
	0.594800	0.174084	-1.511638
	0.593700	0.174083	-1.511642
	0.592300	0.174075	-1.511658
	0.591100	0.174073	-1.511666
	0.590300	0.174073	-1.511638
	0.589500	0.174073	-1.511614
	0.588300	0.174075	-1.511611
	0.587200	0.174077	-1.511607
	0.586000	0.174075	-1.511582
	0.584700	0.174078	-1.511566
	0.583700	0.174076	-1.511523
	0.582500	0.174076	-1.511505
	0.581300	0.174070	-1.511510
	0.580200	0.174066	-1.511501
	0.579500	0.174066	-1.511527
	0.578100	0.174062	-1.511547
	0.576800	0.174061	-1.511509
	0.576700	0.174059	-1.511483
	0.575200	0.174063	-1.511519
	0.573900	0.174065	-1.511497
	0.572900	0.174072	-1.511499
	0.572100	0.174073	-1.511488
	0.570500	0.174067	-1.511482
	0.569500	0.174073	-1.511476
	0.568600	0.174063	-1.511469
	0.567700	0.174061	-1.511464
	0.565700	0.174062	-1.511472
	0.565800	0.174061	-1.511512
	0.565200	0.174056	-1.511541
	0.563400	0.174068	-1.511572
	0.562100	0.174074	-1.511566
	0.561300	0.174073	-1.511570
	0.559800	0.174064	-1.511542
	0.558800	0.174056	-1.511526
	0.557900	0.174059	-1.511548
	0.556500	0.174059	-1.511561
	0.556100	0.174058	-1.511587
	0.554500	0.174059	-1.511577
	0.553600	0.174067	-1.511567
	0.552400	0.174064	-1.511519
	0.551200	0.174050	-1.511456
	0.550300	0.174045	-1.511422
	0.549000	0.174044	-1.511388
	0.548300	0.174036	-1.511350
	0.547200	0.174035	-1.511351
	0.546000	0.174030	-1.511347
	0.544800	0.174031	-1.511374
	0.543700	0.174021	-1.511362
	0.542500	0.174026	-1.511351
	0.541700	0.174027	-1.511356
	0.540700	0.174030	-1.511336
	0.539000	0.174038	-1.511347
	0.538300	0.174044	-1.511355
	0.537400	0.174048	-1.511362
	0.536500	0.174039	-1.511350
	0.535000	0.174043	-1.511309
	0.534100	0.174050	-1.511263
	0.532700	0.174046	-1.511240
	0.531900	0.174040	-1.511202
	0.530600	0.174037	-1.511196
	0.529400	0.174039	-1.511178
	0.528800	0.174029	-1.511123
	0.528000	0.174026	-1.511103
	0.526300	0.174026	-1.511124
	0.525300	0.174026	-1.511144
	0.524300	0.174025	-1.511143
	0.523100	0.174021	-1.511132
	0.521800	0.174019	-1.511095
	0.521000	0.174021	-1.511109
	0.519500	0.174027	-1.511093
	0.519000	0.174028	-1.511080
	0.517900	0.174027	-1.511058
	0.516700	0.174031	-1.511082
	0.515300	0.174033	-1.511097
	0.514600	0.174027	-1.511105
	0.513000	0.174021	-1.511100
	0.512300	0.174020	-1.511070
	0.511100	0.174020	-1.511038
	0.510300	0.174030	-1.511042
	0.509100	0.174035	-1.511053
	0.507800	0.174032	-1.511021
	0.506400	0.174036	-1.510971
	0.505100	0.174032	-1.510927
	0.505300	0.174043	-1.510920
	0.503500	0.174047	-1.510955
	0.502400	0.174044	-1.510971
	0.501300	0.174040	-1.510963
	0.500300	0.174036	-1.510945
	0.498900	0.174036	-1.510922
	0.499100	0.174029	-1.510903
	0.497000	0.174030	-1.510905
	0.495900	0.174026	-1.510894
	0.494800	0.174028	-1.510869
	0.493700	0.174027	-1.510824
	0.492300	0.174025	-1.510806
	0.491500	0.174030	-1.510789
	0.491000	0.174027	-1.510761
	0.489300	0.174036	-1.510757
	0.488100	0.174040	-1.510724
	0.487300	0.174035	-1.510707
	0.485900	0.174040	-1.510685
	0.485000	0.174041	-1.510705
	0.483400	0.174039	-1.510706
	0.483200	0.174039	-1.510668
	0.481700	0.174047	-1.510644
	0.480600	0.174047	-1.510616
	0.479400	0.174044	-1.510591
	0.478600	0.174045	-1.510599
	0.477000	0.174057	-1.510637
	0.476300	0.174058	-1.510606
	0.475600	0.174054	-1.510573
	0.474200	0.174052	-1.510598
	0.472800	0.174049	-1.510590
	0.472000	0.174044	-1.510550
	0.470800	0.174039	-1.510455
	0.469600	0.174034	-1.510429
	0.468800	0.174035	-1.510414
	0.468000	0.174038	-1.510425
	0.466400	0.174033	-1.510410
	0.465200	0.174034	-1.510382
	0.464000	0.174043	-1.510373
	0.463200	0.174042	-1.510385
	0.462300	0.174041	-1.510414
	0.460800	0.174038	-1.510434
	0.459900	0.174040	-1.510441
	0.458800	0.174041	-1.510427
	0.457800	0.174043	-1.510407
	0.457100	0.174033	-1.510363
	0.455500	0.174030	-1.510361
	0.454500	0.174029	-1.510333
	0.453300	0.174026	-1.510319
	0.452200	0.174025	-1.510295
	0.451300	0.174031	-1.510273
	0.450000	0.174038	-1.510291
	0.448800	0.174040	-1.510281
	0.447600	0.174042	-1.510262
	0.446500	0.174043	-1.510257
	0.446100	0.174039	-1.510256
	0.444400	0.174037	-1.510283
	0.443500	0.174037	-1.510282
	0.442400	0.174033	-1.510279
	0.441300	0.174039	-1.510258
	0.440500	0.174044	-1.510218
	0.438700	0.174044	-1.510213
	0.438000	0.174045	-1.510216
	0.437700	0.174046	-1.510224
	0.435800	0.174052	-1.510221
	0.434600	0.174056	-1.510209
	0.433700	0.174056	-1.510194
	0.432400	0.174065	-1.510188
	0.431400	0.174070	-1.510166
	0.430000	0.174065	-1.510171
	0.429200	0.174062	-1.510171
	0.428300	0.174066	-1.510162
	0.427500	0.174070	-1.510178
	0.426000	0.174062	-1.510167
	0.424900	0.174057	-1.510176
	0.423700	0.174054	-1.510176
	0.422500	0.174055	-1.510157
	0.421800	0.174055	-1.510142
	0.420200	0.174064	-1.510147
	0.419400	0.174064	-1.510129
	0.418500	0.174069	-1.510130
	0.417500	0.174077	-1.510147
	0.416100	0.174080	-1.510153
	0.414900	0.174073	-1.510177
	0.414000	0.174063	-1.510211
	0.412800	0.174054	-1.510235
	0.411600	0.174061	-1.510268
	0.410600	0.174063	-1.510292
	0.409100	0.174066	-1.510281
	0.408500	0.174069	-1.510288
	0.407600	0.174069	-1.510296
	0.406400	0.174075	-1.510275
	0.405100	0.174075	-1.510315
	0.404000	0.174074	-1.510349
	0.402900	0.174073	-1.510384
	0.401700	0.174079	-1.510418
	0.400300	0.174079	-1.510463
	0.399500	0.174078	-1.510494
	0.398700	0.174078	-1.510507
	0.397500	0.174078	-1.510536
	0.395000	0.174077	-1.510556
	0.395200	0.174074	-1.510591
	0.394100	0.174085	-1.510632
	0.393400	0.174087	-1.510648
	0.391800	0.174097	-1.510663
	0.390700	0.174095	-1.510661
	0.389700	0.174091	-1.510662
	0.389100	0.174095	-1.510642
	0.387900	0.174094	-1.510641
	0.386400	0.174097	-1.510625
	0.385300	0.174099	-1.510612
	0.384100	0.174102	-1.510601
	0.383100	0.174101	-1.510615
	0.382100	0.174099	-1.510639
	0.381100	0.174099	-1.510675
	0.379700	0.174099	-1.510694
	0.378700	0.174101	-1.510705
	0.377900	0.174105	-1.510742
	0.376700	0.174103	-1.510763
	0.375300	0.174102	-1.510763
	0.374400	0.174103	-1.510744
	0.373000	0.174101	-1.510730
	0.372200	0.174106	-1.510711
	0.370800	0.174098	-1.510690
	0.370200	0.174091	-1.510665
	0.368400	0.174100	-1.510662
	0.367800	0.174101	-1.510690
	0.367000	0.174108	-1.510704
	0.365700	0.174111	-1.510749
	0.364100	0.174117	-1.510763
	0.363300	0.174117	-1.510773
	0.362200	0.174113	-1.510772
	0.361200	0.174118	-1.510803
	0.359800	0.174117	-1.510838
	0.359000	0.174119	-1.510869
	0.357800	0.174115	-1.510906
	0.357400	0.174111	-1.510936
	0.355700	0.174114	-1.510972
	0.354700	0.174105	-1.511019
	0.353400	0.174104	-1.511023
	0.352400	0.174113	-1.511032
	0.351200	0.174122	-1.511030
	0.350100	0.174115	-1.511030
	0.348700	0.174106	-1.511041
	0.348100	0.174104	-1.511037
	0.347100	0.174112	-1.511042
	0.345600	0.174121	-1.511076
	0.344800	0.174126	-1.511113
	0.343500	0.174124	-1.511139
	0.342600	0.174124	-1.511177
	0.341300	0.174122	-1.511213
	0.340100	0.174122	-1.511198
	0.339500	0.174116	-1.511214
	0.338000	0.174119	-1.511219
	0.337400	0.174117	-1.511199
	0.335700	0.174123	-1.511206
	0.334700	0.174135	-1.511207
	0.333600	0.174142	-1.511218
	0.332500	0.174144	-1.511259
	0.331500	0.174141	-1.511272
	0.330700	0.174136	-1.511281
	0.328700	0.174144	-1.511271
	0.329000	0.174148	-1.511281
	0.326900	0.174149	-1.511252
	0.325600	0.174138	-1.511234
	0.324800	0.174139	-1.511245
	0.323500	0.174136	-1.511251
	0.322600	0.174142	-1.511306
	0.321100	0.174145	-1.511335
	0.320200	0.174144	-1.511330
	0.319200	0.174146	-1.511331
	0.319000	0.174149	-1.511325
	0.317000	0.174156	-1.511316
	0.316100	0.174156	-1.511336
	0.314800	0.174150	-1.511373
	0.313800	0.174156	-1.511390
	0.312300	0.174153	-1.511352
	0.311800	0.174143	-1.511353
	0.310400	0.174151	-1.511386
	0.309100	0.174154	-1.511414
	0.308200	0.174147	-1.511412
	0.307600	0.174152	-1.511432
	0.306000	0.174158	-1.511494
	0.305000	0.174162	-1.511530
	0.304000	0.174160	-1.511552
	0.302700	0.174168	-1.511588
	0.301600	0.174171	-1.511632
	0.300500	0.174165	-1.511685
	0.299800	0.174174	-1.511714
	0.298700	0.174171	-1.511719
	0.296100	0.174174	-1.511731
	0.295900	0.174181	-1.511732
	0.296300	0.174180	-1.511731
	0.293800	0.174184	-1.511735
	0.293000	0.174186	-1.511762
	0.291500	0.174193	-1.511805
	0.290700	0.174189	-1.511807
	0.289100	0.174196	-1.511856
	0.288700	0.174203	-1.512083
	0.287600	0.174210	-1.512504
	0.286300	0.174207	-1.513020
	0.285100	0.174214	-1.513296
	0.284100	0.174218	-1.513460
	0.282800	0.174233	-1.513568
	0.281800	0.174239	-1.513619
	0.280500	0.174250	-1.513658
	0.279200	0.174262	-1.513721
	0.278100	0.174272	-1.513779
	0.277900	0.174272	-1.513802
	0.275900	0.174274	-1.513825
	0.274800	0.174273	-1.513849
	0.274300	0.174287	-1.513921
	0.272800	0.174299	-1.513970
	0.271600	0.174306	-1.513970
	0.270600	0.174302	-1.513967
	0.269600	0.174301	-1.514012
	0.268500	0.174316	-1.514054
	0.267300	0.174321	-1.514116
	0.266200	0.174332	-1.514200
	0.265100	0.174335	-1.514250
	0.263600	0.174342	-1.514318
	0.262700	0.174354	-1.514395
	0.261700	0.174355	-1.514472
	0.261400	0.174347	-1.514542
	0.259600	0.174359	-1.514605
	0.258500	0.174364	-1.514654
	0.257300	0.174368	-1.514724
	0.256600	0.174368	-1.514817
	0.255400	0.174375	-1.514873
	0.254100	0.174382	-1.514900
	0.253000	0.174386	-1.514945
	0.251900	0.174396	-1.514975
	0.250500	0.174409	-1.515036
	0.249700	0.174407	-1.515031
	0.248800	0.174403	-1.515050
	0.247800	0.174411	-1.515102
	0.246400	0.174405	-1.515134
	0.245200	0.174410	-1.515166
	0.244000	0.174416	-1.515218
	0.243300	0.174424	-1.515246
	0.242100	0.174437	-1.515262
	0.241200	0.174444	-1.515285
	0.240000	0.174443	-1.515296
	0.238500	0.174451	-1.515337
	0.237600	0.174463	-1.515376
	0.236400	0.174473	-1.515410
	0.235200	0.174481	-1.515459
	0.234200	0.174482	-1.515435
	0.233500	0.174482	-1.515441
	0.232000	0.174482	-1.515467
	0.231400	0.174481	-1.515478
	0.230100	0.174484	-1.515501
	0.228600	0.174482	-1.515504
	0.227700	0.174473	-1.515466
	0.226700	0.174472	-1.515454
	0.225300	0.174482	-1.515480
	0.224400	0.174482	-1.515493
	0.224000	0.174469	-1.515489
	0.222000	0.174467	-1.515481
	0.220900	0.174482	-1.515524
	0.219900	0.174484	-1.515533
	0.219000	0.174485	-1.515577
	0.217300	0.174492	-1.515627
	0.216600	0.174493	-1.515679
	0.214800	0.174507	-1.515752
	0.214100	0.174514	-1.515810
	0.213200	0.174519	-1.515834
	0.212200	0.174514	-1.515862
	0.210700	0.174513	-1.515908
	0.209900	0.174511	-1.515935
	0.209100	0.174517	-1.515973
	0.207900	0.174521	-1.516017
	0.206900	0.174525	-1.516043
	0.205500	0.174531	-1.516077
	0.204500	0.174536	-1.516084
	0.203200	0.174539	-1.516099
	0.202300	0.174542	-1.516161
	0.200900	0.174545	-1.516138
	0.200000	0.174545	-1.516158
	0.198300	0.174541	-1.516181
	0.197900	0.174549	-1.516190
	0.196900	0.174549	-1.516210
	0.195700	0.174553	-1.516251
	0.194500	0.174549	-1.516287
	0.193400	0.174557	-1.516349
	0.192300	0.174560	-1.516396
	0.191200	0.174559	-1.516438
	0.189700	0.174563	-1.516469
	0.189100	0.174569	-1.516526
	0.188200	0.174566	-1.516579
	0.186600	0.174564	-1.516645
	0.185900	0.174567	-1.516695
	0.184600	0.174561	-1.516721
	0.183300	0.174567	-1.516758
	0.181900	0.174566	-1.516795
	0.181600	0.174569	-1.516845
	0.180600	0.174563	-1.516857
	0.178900	0.174566	-1.516857
	0.178000	0.174566	-1.516884
	0.176600	0.174572	-1.516949
	0.175600	0.174573	-1.516930
	0.174700	0.174577	-1.516906
	0.173200	0.174580	-1.516905
	0.172100	0.174582	-1.516922
	0.171000	0.174582	-1.516929
	0.170600	0.174575	-1.516959
	0.169000	0.174582	-1.516969
	0.168100	0.174586	-1.516977
	0.166600	0.174584	-1.516987
	0.165900	0.174584	-1.517010
	0.164800	0.174588	-1.517035
	0.163400	0.174583	-1.517035
	0.162900	0.174595	-1.517065
	0.161400	0.174594	-1.517037
	0.159900	0.174594	-1.517051
	0.159000	0.174589	-1.517087
	0.157700	0.174590	-1.517125
	0.157700	0.174604	-1.517163
	0.155500	0.174607	-1.517191
	0.154900	0.174609	-1.517171
	0.153500	0.174609	-1.517212
	0.152600	0.174607	-1.517255
	0.151500	0.174603	-1.517251
	0.150900	0.174614	-1.517288
	0.149200	0.174608	-1.517318
	0.148200	0.174608	-1.517327
	0.147300	0.174608	-1.517347
	0.145300	0.174610	-1.517367
	0.144900	0.174616	-1.517397
	0.144000	0.174621	-1.517429
	0.143500	0.174614	-1.517468
	0.141400	0.174623	-1.517517
	0.140600	0.174625	-1.517514
	0.139000	0.174629	-1.517537
	0.138200	0.174623	-1.517532
	0.136900	0.174621	-1.517523
	0.136600	0.174618	-1.517537
	0.134800	0.174611	-1.517550
	0.133700	0.174616	-1.517573
	0.132700	0.174628	-1.517593
	0.131800	0.174636	-1.517601
	0.130300	0.174648	-1.517606
	0.129300	0.174654	-1.517653
	0.128100	0.174662	-1.517688
	0.126900	0.174651	-1.517674
	0.127300	0.174649	-1.517643
	0.124900	0.174647	-1.517671
	0.123500	0.174647	-1.517690
	0.122900	0.174650	-1.517697
	0.122300	0.174655	-1.517705
	0.120600	0.174660	-1.517727
	0.119400	0.174667	-1.517729
	0.118500	0.174667	-1.517737
	0.117200	0.174668	-1.517742
	0.116300	0.174667	-1.517761
	0.115300	0.174670	-1.517763
	0.114000	0.174674	-1.517779
	0.112500	0.174678	-1.517780
	0.111200	0.174687	-1.517776
	0.111000	0.174680	-1.517795
	0.109800	0.174684	-1.517807
	0.108500	0.174684	-1.517800
	0.107200	0.174688	-1.517833
	0.106700	0.174696	-1.517856
	0.105000	0.174707	-1.517885
	0.104200	0.174717	-1.517920
	0.102900	0.174723	-1.517959
	0.101500	0.174724	-1.517974
	0.100800	0.174721	-1.517967
	0.100100	0.174721	-1.517981
	0.098900	0.174723	-1.517982
	0.097400	0.174729	-1.518006
	0.096500	0.174724	-1.518005
	0.095800	0.174717	-1.517980
	0.094300	0.174726	-1.517967
	0.093100	0.174729	-1.517978
	0.091700	0.174736	-1.518011
	0.090700	0.174741	-1.518038
	0.090700	0.174744	-1.518044
	0.088300	0.174749	-1.518067
	0.087700	0.174761	-1.518088
	0.087300	0.174764	-1.518091
	0.085200	0.174764	-1.518128
	0.083900	0.174768	-1.518149
	0.083300	0.174776	-1.518170
	0.082400	0.174779	-1.518165
	0.080600	0.174780	-1.518158
	0.079800	0.174787	-1.518172
	0.078500	0.174801	-1.518193
	0.078000	0.174803	-1.518210
	0.076400	0.174808	-1.518219
	0.075100	0.174817	-1.518225
	0.074000	0.174832	-1.518241
	0.073900	0.174848	-1.518265
	0.071500	0.174854	-1.518291
	0.071400	0.174870	-1.518282
	0.069900	0.174879	-1.518286
	0.069200	0.174898	-1.518267
	0.068000	0.174912	-1.518252
	0.066500	0.174924	-1.518191
	0.065600	0.174942	-1.518106
	0.065000	0.174962	-1.518023
	0.063000	0.174986	-1.517939
	0.061900	0.175027	-1.517784
	0.060800	0.175059	-1.517658
	0.060400	0.175097	-1.517480
	0.059300	0.175136	-1.517282
	0.057400	0.175183	-1.516990
	0.056600	0.175268	-1.516232
	0.056000	0.175329	-1.515220
	0.054500	0.175355	-1.514396
	0.053400	0.175304	-1.512617
	0.051700	0.174867	-1.509904
	0.051500	0.174074	-1.510022
	0.049800	0.173686	-1.510669
	0.048900	0.173488	-1.513729
	0.048600	0.173529	-1.516137
	0.046500	0.173598	-1.517450
	0.046200	0.173794	-1.518575
	0.044700	0.173905	-1.519061
	0.043400	0.174005	-1.519390
	0.042600	0.174109	-1.519604
	0.041400	0.174175	-1.519726
	0.040600	0.174230	-1.519803
	0.039000	0.174282	-1.519872
	0.038400	0.174317	-1.519924
	0.038100	0.174361	-1.519989
	0.036100	0.174381	-1.519995
	0.034700	0.174407	-1.520001
	0.034400	0.174426	-1.519970
	0.032600	0.174444	-1.519966
	0.031600	0.174463	-1.519992
	0.030000	0.174475	-1.520020
	0.030100	0.174498	-1.520094
		0.174513	-1.520151
